datasets/DS-13_Copernicus_GLO30_Kerala_Wayanad/sample_data/wayanad_dem.asc
ncols        360
nrows        360
xllcorner    75.999861100000
yllcorner    11.450138900000
cellsize     0.000277777778
NODATA_value -9999
[rows 80 to 99 of 360, columns 129 to 171 of 360]
749.4246826171875 753.80712890625 760.91107177734375 766.428955078125 773.521240234375 781.25775146484375 792.41778564453125 802.8729248046875 806.31982421875 794.840576171875 778.19976806640625 764.135009765625 753.304443359375 753.43792724609375 755.04193115234375 758.588134765625 767.3594970703125 778.30908203125 780.3421630859375 780.378662109375 781.2164306640625 779.1968994140625 773.20892333984375 770.50421142578125 768.91973876953125 767.3565673828125 771.62451171875 777.68096923828125 783.62158203125 793.5423583984375 804.62420654296875 812.60321044921875 825.64892578125 845.72906494140625 860.59588623046875 865.794677734375 859.46990966796875 848.2371826171875 853.8140869140625 869.08441162109375 888.9302978515625 915.0220947265625 932.471923828125
753.18426513671875 758.97198486328125 768.24432373046875 777.3514404296875 785.07684326171875 793.80694580078125 805.6983642578125 813.3343505859375 812.25445556640625 797.03253173828125 782.3154296875 766.26318359375 753.984619140625 752.25555419921875 756.5374755859375 764.865478515625 775.74041748046875 787.9886474609375 793.13140869140625 792.1732177734375 791.6070556640625 787.48089599609375 781.4207763671875 779.6619873046875 781.0616455078125 781.12701416015625 780.5592041015625 779.5970458984375 789.00689697265625 799.44921875 809.34014892578125 819.79071044921875 834.1295166015625 846.70721435546875 857.3165283203125 863.56884765625 865.578369140625 862.13653564453125 868.04901123046875 879.35736083984375 895.28759765625 916.65057373046875 930.22882080078125
755.94970703125 763.0330810546875 772.41510009765625 783.1202392578125 792.61126708984375 801.61846923828125 811.50750732421875 817.21588134765625 814.255859375 799.0810546875 781.36151123046875 764.1212158203125 754.86846923828125 756.37249755859375 763.0311279296875 771.7452392578125 783.87762451171875 798.56396484375 805.33203125 804.14056396484375 803.14520263671875 797.116455078125 786.8612060546875 782.4892578125 785.901123046875 789.39044189453125 788.32452392578125 787.899169921875 794.1429443359375 808.1859130859375 817.74420166015625 823.6976318359375 829.294677734375 837.68634033203125 847.18603515625 856.75762939453125 868.62255859375 875.94464111328125 879.82342529296875 887.3497314453125 901.48480224609375 916.53314208984375 927.94989013671875
758.92071533203125 767.44671630859375 777.40386962890625 787.58160400390625 797.57415771484375 807.09234619140625 814.2884521484375 815.11456298828125 806.44097900390625 795.42840576171875 782.35418701171875 765.08013916015625 757.7271728515625 763.2503662109375 773.922119140625 782.94439697265625 794.9951171875 810.06939697265625 816.5289306640625 814.9244384765625 813.2110595703125 806.0067138671875 797.67388916015625 797.68170166015625 799.67803955078125 798.7947998046875 793.3212890625 789.16650390625 793.8404541015625 806.2286376953125 813.5601806640625 816.06561279296875 821.99505615234375 833.9644775390625 847.1536865234375 861.96490478515625 875.799560546875 883.73828125 893.42578125 904.53521728515625 915.80938720703125 925.1083984375 929.00628662109375
758.41607666015625 767.87445068359375 778.94244384765625 788.306884765625 797.5650634765625 806.3048095703125 812.25885009765625 810.2135009765625 799.67230224609375 788.50616455078125 776.089111328125 768.48565673828125 761.99102783203125 766.251953125 777.9271240234375 791.379638671875 803.5225830078125 816.7904052734375 824.31341552734375 826.5428466796875 826.4833984375 819.76171875 815.10711669921875 810.01123046875 805.60595703125 800.25836181640625 798.96728515625 796.61724853515625 796.6297607421875 802.607177734375 806.1683349609375 812.8414306640625 822.85797119140625 837.037109375 851.5970458984375 867.4473876953125 881.74151611328125 895.831298828125 909.094970703125 920.4305419921875 927.4429931640625 931.3013916015625 930.47003173828125
759.3055419921875 767.03021240234375 778.2354736328125 787.02630615234375 793.11029052734375 798.0550537109375 800.61187744140625 801.44769287109375 795.41375732421875 786.481689453125 778.334228515625 769.03936767578125 762.56121826171875 768.27239990234375 779.62176513671875 792.5186767578125 805.50555419921875 814.79345703125 820.62689208984375 828.0306396484375 830.7735595703125 825.6820068359375 815.30084228515625 810.24041748046875 805.1229248046875 802.3057861328125 801.4720458984375 799.836181640625 800.80059814453125 805.34307861328125 810.7208251953125 819.32049560546875 829.8192138671875 841.865234375 854.38885498046875 869.2100830078125 885.5794677734375 902.45758056640625 914.67108154296875 922.60821533203125 931.69384765625 937.02398681640625 936.62548828125
755.94580078125 763.3177490234375 770.9866943359375 776.78057861328125 782.6195068359375 786.91656494140625 789.60028076171875 795.0318603515625 793.205810546875 786.7979736328125 778.3240966796875 772.5069580078125 763.5269775390625 765.4105224609375 772.12939453125 787.374755859375 800.5843505859375 805.55120849609375 809.67889404296875 816.10858154296875 820.847412109375 819.421875 809.7574462890625 798.4373779296875 797.52191162109375 798.42755126953125 800.34613037109375 803.07672119140625 806.57568359375 810.87054443359375 817.58441162109375 827.30084228515625 837.33648681640625 849.79266357421875 860.7081298828125 873.21929931640625 887.3369140625 901.02996826171875 911.36248779296875 917.19512939453125 923.90423583984375 929.8006591796875 932.470703125
751.18243408203125 754.7088623046875 759.71734619140625 765.40252685546875 773.56463623046875 780.41424560546875 786.23004150390625 791.69891357421875 790.69537353515625 789.3995361328125 788.09625244140625 785.4385986328125 778.24072265625 769.953125 771.4884033203125 785.07073974609375 794.1175537109375 794.77294921875 798.24957275390625 803.04638671875 806.14251708984375 806.405029296875 799.90838623046875 793.21197509765625 793.62139892578125 795.5206298828125 798.938720703125 803.30157470703125 807.65838623046875 815.77691650390625 825.2906494140625 835.7947998046875 842.90350341796875 852.41607666015625 865.16107177734375 876.3922119140625 886.21337890625 893.58624267578125 903.42132568359375 910.58599853515625 916.8212890625 926.15203857421875 931.95770263671875
755.69287109375 755.54071044921875 755.3370361328125 759.4097900390625 763.62164306640625 768.4927978515625 777.3353271484375 783.11492919921875 788.89111328125 792.96142578125 794.4359130859375 793.7376708984375 789.538818359375 781.3302001953125 774.5927734375 776.7750244140625 780.9757080078125 785.35009765625 788.6412353515625 790.63311767578125 790.5146484375 792.095947265625 793.57452392578125 793.55413818359375 795.41424560546875 797.78717041015625 800.7071533203125 803.3323974609375 808.1397705078125 816.99908447265625 828.90093994140625 841.1290283203125 850.0279541015625 856.79864501953125 865.2017822265625 874.05389404296875 881.18243408203125 886.83538818359375 892.48809814453125 901.9168701171875 916.43023681640625 928.14111328125 935.966796875
754.1578369140625 753.5723876953125 756.2811279296875 758.0714111328125 758.8248291015625 763.23455810546875 766.92529296875 771.21295166015625 777.77349853515625 787.30865478515625 794.93267822265625 797.59051513671875 794.72796630859375 786.67388916015625 778.31085205078125 774.47528076171875 774.42999267578125 778.80316162109375 783.39923095703125 783.6485595703125 784.74420166015625 785.9671630859375 787.40484619140625 791.8060302734375 795.02801513671875 798.28729248046875 800.863525390625 803.692626953125 813.59033203125 823.0933837890625 831.856689453125 841.3333740234375 850.82159423828125 857.92816162109375 864.88818359375 871.01300048828125 872.91363525390625 875.93719482421875 882.72686767578125 895.871337890625 915.08148193359375 927.06549072265625 934.12078857421875
765.240234375 759.3851318359375 756.4024658203125 758.0159912109375 758.59356689453125 762.53936767578125 767.30633544921875 772.23455810546875 776.2384033203125 781.80322265625 788.8931884765625 795.4864501953125 796.49407958984375 794.5145263671875 788.07098388671875 780.058349609375 777.57086181640625 778.1650390625 779.1556396484375 782.6240234375 789.5914306640625 793.8780517578125 793.6763916015625 794.6920166015625 796.45086669921875 797.8232421875 798.632080078125 803.090576171875 812.42877197265625 823.326416015625 835.5172119140625 842.703857421875 848.18121337890625 857.620849609375 863.5582275390625 864.40374755859375 862.1531982421875 863.7720947265625 875.77154541015625 892.46038818359375 906.44384765625 916.098876953125 922.2288818359375
768.27459716796875 765.22015380859375 762.5096435546875 757.4071044921875 756.1865234375 759.08819580078125 764.00177001953125 766.51971435546875 766.20806884765625 768.937255859375 779.10137939453125 792.861572265625 800.35150146484375 800.043212890625 795.8345947265625 790.8492431640625 788.6732177734375 790.43865966796875 790.91534423828125 793.19842529296875 798.81768798828125 800.66448974609375 800.25799560546875 802.8204345703125 806.23773193359375 806.919677734375 807.22271728515625 808.89215087890625 810.90765380859375 814.06207275390625 822.494873046875 834.1414794921875 842.20550537109375 851.00439453125 857.00103759765625 856.6856689453125 853.0638427734375 858.71124267578125 871.59478759765625 883.069580078125 891.511474609375 897.70745849609375 903.95733642578125
772.86102294921875 771.97320556640625 771.1417236328125 767.385498046875 765.8896484375 760.78143310546875 758.1141357421875 758.41802978515625 756.715576171875 759.4971923828125 770.39080810546875 783.61724853515625 797.62353515625 800.9298095703125 798.879150390625 797.49151611328125 800.635009765625 806.3018798828125 803.17095947265625 794.5596923828125 798.58282470703125 803.01953125 804.6639404296875 806.26171875 807.16912841796875 808.9169921875 812.7037353515625 815.7222900390625 818.1605224609375 820.60455322265625 822.08648681640625 824.70166015625 831.2796630859375 839.5047607421875 849.129150390625 851.64215087890625 853.4937744140625 861.6370849609375 868.9627685546875 874.742431640625 878.43145751953125 884.2017822265625 891.130126953125
779.21527099609375 778.7506103515625 775.7451171875 776.89093017578125 779.5655517578125 775.73272705078125 770.81524658203125 763.32928466796875 758.55718994140625 760.8631591796875 768.48822021484375 781.9893798828125 795.44940185546875 803.9375 806.0047607421875 803.91387939453125 807.61669921875 813.75830078125 812.69384765625 798.73883056640625 792.71258544921875 798.00042724609375 801.279296875 801.13555908203125 803.70599365234375 809.27117919921875 815.33013916015625 820.468994140625 824.4251708984375 827.17022705078125 830.70477294921875 831.7254638671875 831.534423828125 835.3553466796875 842.54315185546875 845.995849609375 852.5443115234375 858.58087158203125 863.09063720703125 869.53546142578125 876.5682373046875 882.2431640625 890.47662353515625
787.66412353515625 786.82452392578125 783.71063232421875 785.78131103515625 789.60772705078125 790.8515625 785.51751708984375 775.79425048828125 761.9639892578125 764.6697998046875 773.41510009765625 783.0751953125 796.71673583984375 810.11962890625 815.75408935546875 812.7978515625 813.8299560546875 817.86260986328125 813.09112548828125 803.953369140625 795.43975830078125 794.24676513671875 796.1123046875 796.57952880859375 801.7645263671875 811.1614990234375 818.9439697265625 825.31085205078125 829.8072509765625 833.66064453125 837.17645263671875 838.9154052734375 837.5416259765625 835.46112060546875 840.8687744140625 844.7015380859375 849.26654052734375 854.91497802734375 862.42022705078125 875.70574951171875 886.4776611328125 895.5443115234375 905.853515625
796.03057861328125 793.843505859375 790.23150634765625 792.12213134765625 796.0721435546875 799.32574462890625 790.9801025390625 775.11077880859375 766.00701904296875 772.0118408203125 779.89251708984375 785.40081787109375 799.02471923828125 814.86163330078125 824.3385009765625 824.01824951171875 821.64111328125 819.87506103515625 812.7701416015625 807.18255615234375 801.9058837890625 793.2288818359375 792.52581787109375 794.4599609375 801.28271484375 810.5445556640625 818.92669677734375 827.45892333984375 832.64178466796875 838.15594482421875 843.09027099609375 845.92425537109375 847.22308349609375 842.55694580078125 843.02435302734375 848.18731689453125 853.65301513671875 860.1380615234375 870.4466552734375 886.6009521484375 900.35699462890625 912.17822265625 924.9456787109375
805.053466796875 801.369873046875 797.04449462890625 794.59942626953125 797.603271484375 798.1396484375 782.47607421875 766.5103759765625 766.908447265625 774.37127685546875 783.4593505859375 790.43505859375 801.78912353515625 818.34185791015625 833.37744140625 836.55975341796875 828.43756103515625 823.64471435546875 820.8009033203125 817.33367919921875 810.0147705078125 799.69610595703125 794.58831787109375 796.2025146484375 802.0294189453125 809.1136474609375 815.6845703125 821.81817626953125 828.29925537109375 836.83551025390625 843.00701904296875 847.700927734375 850.93310546875 851.7611083984375 847.7862548828125 848.705322265625 855.27166748046875 862.351318359375 873.3790283203125 890.83203125 908.471923828125 920.96734619140625 931.7530517578125
813.89501953125 807.86016845703125 801.72760009765625 798.27923583984375 796.1397705078125 788.88525390625 771.6505126953125 767.1876220703125 769.28314208984375 776.41607666015625 789.0234375 799.8585205078125 810.20355224609375 830 846.69525146484375 848.73388671875 840.7242431640625 834.66180419921875 829.269287109375 822.88873291015625 812.0509033203125 805.0518798828125 798.52935791015625 798.7105712890625 799.73248291015625 801.6517333984375 806.97564697265625 812.91796875 821.1217041015625 831.0343017578125 839.36810302734375 846.52362060546875 851.71099853515625 855.82940673828125 855.49481201171875 851.77606201171875 854.11151123046875 857.41790771484375 865.576171875 879.75616455078125 896.21990966796875 908.6680908203125 917.9744873046875
821.65704345703125 814.34033203125 808.586669921875 800.97308349609375 794.65264892578125 778.81195068359375 768.129150390625 764.9873046875 768.125732421875 776.848876953125 791.22021484375 804.93353271484375 816.86798095703125 836.327392578125 853.1727294921875 856.78338623046875 852.526611328125 845.6080322265625 833.15972900390625 823.81109619140625 815.2550048828125 807.59271240234375 801.01397705078125 797.583740234375 797.35479736328125 801.5013427734375 809.75701904296875 816.54876708984375 821.809814453125 825.5355224609375 831.044677734375 840.69647216796875 849.37847900390625 855.4915771484375 856.14300537109375 856.0797119140625 857.79705810546875 860.95440673828125 866.38671875 870.8897705078125 880.9405517578125 894.48651123046875 907.04962158203125
829.931640625 826.74554443359375 819.73394775390625 807.5198974609375 791.70074462890625 775.1329345703125 765.86651611328125 766.509521484375 776.208984375 784.093994140625 795.3873291015625 808.73101806640625 822.34912109375 837.35675048828125 855.37396240234375 864.41802978515625 864.90960693359375 855.01849365234375 843.39959716796875 829.31011962890625 819.59033203125 812.54339599609375 807.36968994140625 803.642578125 800.39703369140625 803.68328857421875 814.79913330078125 824.12225341796875 825.64459228515625 825.80902099609375 827.65386962890625 836.7266845703125 844.94647216796875 850.39923095703125 853.1075439453125 857.920654296875 866.31072998046875 877.0325927734375 882.6666259765625 880.42633056640625 876.5501708984375 887.4576416015625 896.23431396484375
