datasets/DS-13_Copernicus_GLO30_Kerala_Wayanad/sample_data/wayanad_dem.asc
ncols        360
nrows        360
xllcorner    75.999861100000
yllcorner    11.450138900000
cellsize     0.000277777778
NODATA_value -9999
[rows 340 to 359 of 360, columns 43 to 85 of 360]
80.46858978271484375 82.72739410400390625 87.2332611083984375 95.094390869140625 105.59973907470703125 113.88204193115234375 116.78934478759765625 112.856201171875 102.77789306640625 95.34499359130859375 88.53441619873046875 87.9272613525390625 95.125701904296875 102.1519622802734375 106.40814208984375 105.289276123046875 102.64276123046875 98.53810882568359375 98.41690826416015625 96.1430816650390625 93.31385040283203125 96.58094024658203125 98.203704833984375 95.72489166259765625 94.45220947265625 97.24025726318359375 99.70510101318359375 102.7286224365234375 104.48590087890625 97.97109222412109375 91.0687103271484375 96.2646484375 104.3197479248046875 109.28726959228515625 112.67575836181640625 113.95169830322265625 114.2123565673828125 114.91412353515625 117.58270263671875 123.1497802734375 127.83528900146484375 126.78536224365234375 126.5961456298828125
75.8310546875 79.4465484619140625 85.4648895263671875 94.70025634765625 104.26641845703125 111.63887786865234375 114.31150054931640625 112.56023406982421875 108.7509613037109375 99.7818603515625 81.47211456298828125 80.0286865234375 88.35945892333984375 94.70723724365234375 99.0364990234375 98.067626953125 98.50431060791015625 97.76389312744140625 96.7206268310546875 94.54987335205078125 97.83995819091796875 103.22068023681640625 103.3249969482421875 103.3351287841796875 96.9550018310546875 95.81525421142578125 98.38408660888671875 97.23868560791015625 92.86403656005859375 88.86382293701171875 90.26715850830078125 95.80591583251953125 104.4308929443359375 112.13428497314453125 116.3079833984375 118.626251220703125 118.57408905029296875 116.6533355712890625 118.99509429931640625 124.90845489501953125 126.79122161865234375 123.80307769775390625 124.56258392333984375
75.0973968505859375 77.94094085693359375 84.2268524169921875 92.68978118896484375 100.7146148681640625 105.81632232666015625 109.9196624755859375 111.89371490478515625 108.55098724365234375 98.5161590576171875 81.5438690185546875 78.128875732421875 81.59528350830078125 81.9304351806640625 87.76708984375 92.1515960693359375 95.785247802734375 98.3347625732421875 96.71392822265625 93.94710540771484375 96.69728851318359375 103.397186279296875 109.11243438720703125 109.8983612060546875 97.34464263916015625 90.84912109375 91.27768707275390625 89.6079864501953125 86.81908416748046875 86.35596466064453125 90.64264678955078125 93.25853729248046875 104.00565338134765625 114.15362548828125 120.2959747314453125 120.59978485107421875 118.5994110107421875 117.73973846435546875 119.4833984375 122.55181121826171875 122.26969146728515625 121.2338714599609375 123.600982666015625
73.349639892578125 73.3634033203125 78.51860809326171875 86.06890106201171875 92.83710479736328125 97.72890472412109375 102.511199951171875 105.2545166015625 101.29308319091796875 89.687896728515625 77.0907135009765625 74.945465087890625 78.42484283447265625 82.19561004638671875 89.02643585205078125 93.8430633544921875 94.2490386962890625 98.41771697998046875 96.4419403076171875 91.5789947509765625 95.062896728515625 99.941925048828125 105.26923370361328125 106.39954376220703125 98.896942138671875 88.3192291259765625 86.075653076171875 84.64276123046875 84.9741973876953125 88.34807586669921875 94.67282867431640625 97.21952056884765625 103.36780548095703125 111.615478515625 117.0346527099609375 116.99524688720703125 114.80108642578125 113.751739501953125 116.27565765380859375 118.96712493896484375 117.4167327880859375 116.54492950439453125 122.61403656005859375
71.94379425048828125 64.20849609375 66.85047149658203125 74.87395477294921875 82.28079986572265625 87.62061309814453125 92.3307037353515625 93.272979736328125 89.84539794921875 80.3371734619140625 71.18317413330078125 74.9431610107421875 79.46132659912109375 81.75197601318359375 89.050048828125 98.05342864990234375 102.71987152099609375 101.82595062255859375 93.67147064208984375 91.2041168212890625 95.3939208984375 98.89128875732421875 103.757904052734375 101.87569427490234375 97.11707305908203125 90.81056976318359375 86.47595977783203125 86.28447723388671875 89.8077239990234375 93.85317230224609375 98.89551544189453125 105.0724945068359375 103.42917633056640625 106.2529449462890625 109.299072265625 112.04413604736328125 111.9523773193359375 112.8647918701171875 117.0350189208984375 117.24686431884765625 112.0359039306640625 111.8173980712890625 121.436370849609375
72.4720916748046875 65.61528778076171875 64.51454925537109375 65.7778472900390625 69.21822357177734375 74.362518310546875 74.95592498779296875 74.32363128662109375 73.524200439453125 68.9616241455078125 67.61925506591796875 71.85552978515625 75.616180419921875 80.506744384765625 90.812774658203125 100.16278839111328125 104.850311279296875 103.18875885009765625 96.41808319091796875 90.71213531494140625 95.19489288330078125 100.61351776123046875 104.98468780517578125 103.502899169921875 95.76731109619140625 83.0054168701171875 82.96007537841796875 88.49735260009765625 91.91199493408203125 99.78865814208984375 108.66561126708984375 112.619354248046875 107.0814971923828125 100.5697784423828125 101.9989471435546875 105.5764923095703125 106.47983551025390625 108.9420318603515625 112.2659759521484375 112.5563507080078125 106.32830047607421875 111.45462799072265625 120.6547698974609375
70.74430084228515625 72.169189453125 71.90110015869140625 68.47228240966796875 65.98433685302734375 66.3162384033203125 67.125518798828125 68.35579681396484375 68.35814666748046875 68.09470367431640625 67.535888671875 69.6444244384765625 71.756439208984375 75.20336151123046875 87.2646636962890625 99.70246124267578125 103.4500579833984375 103.40657806396484375 98.25308990478515625 92.17508697509765625 91.8582305908203125 101.5865631103515625 108.42760467529296875 100.15552520751953125 89.7354278564453125 87.86287689208984375 93.42189788818359375 94.4425811767578125 98.377197265625 105.7106781005859375 111.2254180908203125 112.53033447265625 107.9996337890625 102.55565643310546875 101.94841766357421875 100.51453399658203125 100.89539337158203125 102.85121917724609375 104.45709228515625 104.30716705322265625 104.242462158203125 109.941864013671875 113.1920623779296875
76.82700347900390625 84.5234527587890625 88.03598785400390625 83.55133056640625 77.7411346435546875 72.056243896484375 67.1259307861328125 67.441253662109375 69.00569915771484375 71.45818328857421875 74.5318756103515625 76.10916900634765625 77.84676361083984375 78.4686126708984375 84.37853240966796875 97.0147552490234375 102.64551544189453125 102.47713470458984375 98.2599029541015625 94.40673828125 89.698699951171875 96.56345367431640625 103.695098876953125 93.68697357177734375 86.56203460693359375 90.69031524658203125 99.0974273681640625 110.18708038330078125 110.9765472412109375 108.6106719970703125 108.72376251220703125 109.08513641357421875 107.8552398681640625 110.11334991455078125 111.39214324951171875 108.43453216552734375 104.8526611328125 99.72100067138671875 100.8735809326171875 102.04503631591796875 102.8061065673828125 109.6053466796875 112.11623382568359375
83.5683135986328125 92.71588134765625 98.1747894287109375 97.33783721923828125 89.845367431640625 82.2727813720703125 72.65554046630859375 70.58101654052734375 74.68445587158203125 76.33744049072265625 79.17153167724609375 81.7709197998046875 79.51030731201171875 82.30796051025390625 93.359893798828125 102.54523468017578125 106.89679718017578125 107.387847900390625 102.29354095458984375 95.2670745849609375 90.04865264892578125 91.79205322265625 95.0878143310546875 84.458099365234375 86.869964599609375 91.9456939697265625 100.26296234130859375 113.766998291015625 117.0466156005859375 112.41358184814453125 113.55023956298828125 116.262115478515625 117.3931732177734375 118.09250640869140625 118.50539398193359375 118.953155517578125 114.494873046875 106.2425384521484375 100.75168609619140625 100.2904205322265625 103.74423980712890625 109.77585601806640625 111.41481781005859375
84.78887176513671875 95.9994049072265625 105.75824737548828125 108.36865997314453125 99.44016265869140625 88.50238800048828125 76.48021697998046875 73.73828887939453125 77.78688812255859375 81.03739166259765625 82.23821258544921875 82.9790191650390625 80.48189544677734375 84.89301300048828125 95.2278900146484375 106.5833282470703125 113.44907379150390625 116.32596588134765625 103.52420806884765625 90.9243621826171875 88.8729400634765625 87.8861236572265625 86.113067626953125 85.408203125 91.04015350341796875 96.15940093994140625 107.33480072021484375 117.0222320556640625 119.960357666015625 117.78078460693359375 118.19519805908203125 119.94593048095703125 122.961639404296875 122.67661285400390625 125.24065399169921875 127.24578857421875 123.06752777099609375 115.37439727783203125 107.24802398681640625 102.61928558349609375 103.079254150390625 106.88370513916015625 111.49622344970703125
84.59958648681640625 96.06003570556640625 107.457550048828125 112.16387939453125 105.5310211181640625 94.48600006103515625 83.272216796875 74.91109466552734375 77.11910247802734375 83.1150665283203125 84.89946746826171875 88.84969329833984375 93.2567901611328125 95.778533935546875 98.88234710693359375 109.37598419189453125 120.03507232666015625 123.7378387451171875 113.7957763671875 96.72060394287109375 87.533050537109375 80.0185089111328125 80.19483184814453125 85.659820556640625 91.60903167724609375 97.66670989990234375 110.70139312744140625 121.68038177490234375 123.18033599853515625 118.655548095703125 117.359710693359375 128.8003997802734375 131.48992919921875 123.49681854248046875 128.150146484375 134.4724884033203125 134.13177490234375 125.2930908203125 117.817047119140625 106.22917938232421875 100.09415435791015625 101.8428802490234375 107.9207763671875
87.72774505615234375 97.85391998291015625 109.29778289794921875 116.44849395751953125 114.251800537109375 104.41471099853515625 95.27881622314453125 85.35693359375 78.77548980712890625 83.8231201171875 91.25775909423828125 99.96256256103515625 105.1909027099609375 106.98895263671875 107.908966064453125 113.65749359130859375 123.611419677734375 127.0857086181640625 117.5928955078125 101.4850921630859375 83.09383392333984375 76.79740142822265625 83.0906829833984375 84.7604827880859375 88.149383544921875 97.7060089111328125 107.776611328125 116.879547119140625 118.47920989990234375 115.12298583984375 122.35636138916015625 136.0520782470703125 140.555633544921875 134.8792266845703125 135.8543243408203125 140.370086669921875 141.58636474609375 134.6943511962890625 125.206298828125 113.00484466552734375 101.63082122802734375 101.42926788330078125 101.74556732177734375
88.95810699462890625 101.5479278564453125 112.0343017578125 118.30117034912109375 118.31626129150390625 111.76792144775390625 101.4972991943359375 90.56391143798828125 85.94012451171875 90.57358551025390625 98.52503204345703125 106.9843292236328125 112.75140380859375 116.52178955078125 116.29833221435546875 117.937286376953125 125.7858734130859375 128.129974365234375 117.26764678955078125 101.5835418701171875 81.92780303955078125 79.81009674072265625 85.5436553955078125 88.29083251953125 89.5178070068359375 92.51006317138671875 99.5626220703125 106.91832733154296875 112.63053131103515625 118.85688018798828125 130.543548583984375 141.0697021484375 142.698089599609375 138.283843994140625 140.0606231689453125 147.599639892578125 148.822845458984375 139.7652435302734375 128.2252044677734375 118.7949066162109375 110.7816925048828125 106.28227996826171875 103.7425689697265625
88.72116851806640625 102.092742919921875 112.81580352783203125 119.3450927734375 119.14365386962890625 112.59163665771484375 102.16255950927734375 89.39574432373046875 90.81381988525390625 95.5889739990234375 100.988128662109375 107.47931671142578125 113.7383575439453125 119.43466949462890625 120.5039215087890625 121.34450531005859375 124.7875213623046875 124.88924407958984375 115.30846405029296875 102.19234466552734375 87.74308013916015625 82.632110595703125 85.72592926025390625 88.91002655029296875 88.88494110107421875 90.99343109130859375 95.1596527099609375 101.66217803955078125 111.314788818359375 121.5726318359375 129.696075439453125 133.67144775390625 130.8139190673828125 131.2914886474609375 138.1555328369140625 148.54400634765625 151.1127471923828125 142.81634521484375 132.990478515625 124.078094482421875 118.97917938232421875 112.07077789306640625 108.358062744140625
94.880767822265625 104.6188507080078125 114.6470947265625 119.612762451171875 116.7409210205078125 108.9557647705078125 96.8818817138671875 88.319549560546875 90.1192474365234375 96.47411346435546875 103.3917388916015625 109.55756378173828125 115.3965911865234375 120.08090972900390625 121.69359588623046875 118.7913360595703125 117.43946075439453125 116.9674530029296875 107.68798065185546875 98.7575225830078125 87.51999664306640625 82.3227996826171875 85.89957427978515625 89.1759490966796875 89.29241180419921875 89.618438720703125 91.5095672607421875 97.35904693603515625 108.54986572265625 116.0284881591796875 120.2783050537109375 118.65594482421875 119.40102386474609375 125.1269073486328125 135.5494537353515625 145.308990478515625 150.856353759765625 145.2012481689453125 136.6359710693359375 129.90185546875 124.2170867919921875 117.6884307861328125 114.68422698974609375
98.06409454345703125 108.00823211669921875 116.87070465087890625 117.26006317138671875 109.128509521484375 100.7166595458984375 93.1807403564453125 86.3634033203125 87.18377685546875 95.61865997314453125 104.361328125 112.64306640625 118.6488800048828125 120.64646148681640625 120.61212158203125 116.5169677734375 113.72814178466796875 111.72553253173828125 104.67516326904296875 93.96120452880859375 84.3760833740234375 80.9922637939453125 84.712890625 86.93415069580078125 86.44618988037109375 86.33327484130859375 88.52436065673828125 92.4120025634765625 101.93536376953125 108.19268035888671875 109.26479339599609375 106.14495086669921875 111.5074920654296875 123.639068603515625 132.3347015380859375 144.1893768310546875 154.3726959228515625 148.5149078369140625 140.087432861328125 131.4121246337890625 125.16336822509765625 120.52587127685546875 116.7124176025390625
101.06204986572265625 111.43505859375 118.53655242919921875 117.6414337158203125 110.4710693359375 99.55442047119140625 90.71581268310546875 84.9380035400390625 84.98746490478515625 90.20619964599609375 103.8747100830078125 114.10866546630859375 121.13118743896484375 122.85284423828125 122.00074005126953125 116.99383544921875 112.40644073486328125 107.38849639892578125 100.2821044921875 86.92839813232421875 77.49660491943359375 81.2485198974609375 86.8098907470703125 86.814697265625 85.84679412841796875 84.21431732177734375 86.12854766845703125 90.7938690185546875 96.68347930908203125 99.45481109619140625 101.07891082763671875 103.4501495361328125 113.73197174072265625 124.2844696044921875 134.321380615234375 145.232818603515625 155.8985748291015625 153.5070953369140625 140.40374755859375 128.5023651123046875 126.846343994140625 123.93502044677734375 122.5955352783203125
101.37908172607421875 111.59759521484375 117.04041290283203125 115.6824493408203125 108.153289794921875 97.4407501220703125 87.3706512451171875 82.29285430908203125 83.3954315185546875 87.49245452880859375 98.9850616455078125 110.07335662841796875 118.785491943359375 121.77133941650390625 121.711212158203125 116.59682464599609375 111.74568939208984375 106.83884429931640625 97.5001983642578125 87.66002655029296875 80.49526214599609375 81.15857696533203125 83.91333770751953125 86.52933502197265625 82.66683197021484375 83.28951263427734375 84.88146209716796875 86.70059967041015625 91.427734375 96.25669097900390625 101.352264404296875 110.4064483642578125 119.14940643310546875 123.75466156005859375 133.5508880615234375 149.73773193359375 159.5372467041015625 159.46600341796875 145.266845703125 132.5886383056640625 126.0985107421875 124.27132415771484375 126.49053955078125
99.450592041015625 108.461578369140625 111.63385009765625 107.950775146484375 99.37622833251953125 88.336700439453125 80.42041015625 78.0728912353515625 76.7218170166015625 81.984375 90.24167633056640625 102.206329345703125 114.06797027587890625 118.901214599609375 121.53508758544921875 117.54535675048828125 109.63730621337890625 106.08538055419921875 98.69545745849609375 88.69419097900390625 84.98601531982421875 82.33493804931640625 83.684234619140625 85.89034271240234375 83.030853271484375 80.04825592041015625 81.4007720947265625 83.0348968505859375 88.89599609375 96.5130615234375 106.0300445556640625 117.37134552001953125 123.8441009521484375 124.75579833984375 133.3609161376953125 150.0970306396484375 163.4967803955078125 163.0842132568359375 146.022979736328125 136.385986328125 127.8562774658203125 125.22229766845703125 126.93549346923828125
97.6690826416015625 105.85062408447265625 106.2468414306640625 102.67314910888671875 94.35591888427734375 83.80503082275390625 80.007415771484375 73.2610321044921875 73.521087646484375 77.37615203857421875 85.68088531494140625 97.7249755859375 111.4932403564453125 117.26335906982421875 121.6172943115234375 121.2604217529296875 113.37249755859375 108.54119110107421875 101.49758148193359375 89.19197845458984375 79.25237274169921875 76.616424560546875 79.72232818603515625 80.13654327392578125 81.33160400390625 76.99530792236328125 76.385986328125 76.27899932861328125 83.67746734619140625 95.42485809326171875 107.380340576171875 119.5571746826171875 123.26506805419921875 126.31192779541015625 138.74566650390625 156.258941650390625 166.378814697265625 163.8051605224609375 150.2227783203125 140.39862060546875 131.8524322509765625 129.2488861083984375 131.030120849609375
