datasets/DS-13_Copernicus_GLO30_Kerala_Wayanad/sample_data/wayanad_dem.asc
ncols        360
nrows        360
xllcorner    75.999861100000
yllcorner    11.450138900000
cellsize     0.000277777778
NODATA_value -9999
[rows 0 to 19 of 360, columns 86 to 128 of 360]
740.44500732421875 740.33544921875 740.3411865234375 742.89190673828125 741.45458984375 739.394775390625 740.39520263671875 741.41278076171875 740.302490234375 740.38995361328125 743.522705078125 748.10845947265625 753.009521484375 755.77508544921875 761.636474609375 770.82586669921875 776.5745849609375 783.1881103515625 784.48626708984375 777.15924072265625 768.460205078125 763.3011474609375 760.23736572265625 758.69366455078125 758.84881591796875 761.0032958984375 764.65570068359375 768.99908447265625 771.62261962890625 780.64788818359375 791.9130859375 797.1160888671875 794.20904541015625 785.3826904296875 774.51519775390625 773.42779541015625 775.855224609375 779.752197265625 790.25067138671875 803.83587646484375 817.0963134765625 828.67095947265625 838.0435791015625
740.95477294921875 739.5184326171875 739.9493408203125 742.82373046875 739.93695068359375 738.48944091796875 740.23492431640625 744.64483642578125 747.659423828125 746.7039794921875 745.65618896484375 749.31451416015625 754.16497802734375 756.51678466796875 761.8905029296875 767.295654296875 772.140380859375 777.61669921875 775.18804931640625 771.41864013671875 768.05072021484375 764.6197509765625 761.29547119140625 760.1168212890625 761.54949951171875 759.65863037109375 760.9185791015625 765.0428466796875 770.42242431640625 782.30755615234375 795.9949951171875 800.84246826171875 794.88543701171875 786.011474609375 779.48388671875 783.30413818359375 782.63616943359375 781.53778076171875 786.4371337890625 796.80126953125 807.50311279296875 822.18963623046875 835.57769775390625
743.68731689453125 742.7843017578125 741.8714599609375 741.501953125 738.9967041015625 740.10797119140625 746.6278076171875 753.40966796875 757.96124267578125 755.91131591796875 753.553955078125 753.20465087890625 752.707763671875 754.52508544921875 757.95904541015625 763.18328857421875 765.825927734375 767.142822265625 770.32513427734375 773.3341064453125 773.34625244140625 771.64459228515625 765.48016357421875 760.27789306640625 762.37493896484375 763.7188720703125 767.626708984375 773.385009765625 779.52685546875 789.5355224609375 799.130859375 804.931884765625 802.41302490234375 791.00244140625 784.439208984375 790.559326171875 794.9388427734375 799.0980224609375 802.600830078125 807.1319580078125 813.877685546875 823.5518798828125 831.6776123046875
742.5946044921875 742.6844482421875 741.000244140625 740.26214599609375 739.10614013671875 739.89923095703125 745.7589111328125 754.64154052734375 760.252197265625 762.20501708984375 760.6219482421875 755.9166259765625 754.726806640625 754.95672607421875 755.61517333984375 757.685546875 758.72003173828125 765.95989990234375 777.88128662109375 784.55877685546875 786.56158447265625 779.24639892578125 768.798828125 761.1671142578125 763.493896484375 765.2476806640625 769.11065673828125 776.0489501953125 781.7542724609375 790.40667724609375 798.2481689453125 802.85137939453125 803.4111328125 795.1806640625 788.10205078125 798.11480712890625 808.0634765625 815.166748046875 819.2777099609375 820.42071533203125 820.550537109375 821.60430908203125 821.359619140625
742.53961181640625 743.7509765625 742.0350341796875 740.03173828125 739.486328125 739.97955322265625 743.58331298828125 751.6478271484375 761.60614013671875 768.0911865234375 770.2728271484375 767.36639404296875 760.5570068359375 756.13934326171875 756.2088623046875 758.4688720703125 758.75958251953125 770.58453369140625 785.4869384765625 793.904541015625 793.4639892578125 783.99261474609375 772.14910888671875 765.26019287109375 766.7515869140625 766.69244384765625 766.14178466796875 771.0030517578125 779.812744140625 788.98956298828125 798.30328369140625 802.90411376953125 804.90252685546875 800.2978515625 792.78680419921875 800.4661865234375 810.0164794921875 817.0120849609375 822.9005126953125 822.71173095703125 817.66064453125 812.619140625 809.244873046875
741.4849853515625 740.48687744140625 740.7464599609375 742.35809326171875 744.5465087890625 745.95452880859375 747.0657958984375 749.63006591796875 759.0582275390625 769.79205322265625 774.04083251953125 773.54718017578125 765.12823486328125 759.0457763671875 756.4844970703125 757.57403564453125 760.38629150390625 768.54608154296875 782.000244140625 789.32708740234375 790.85107421875 784.09710693359375 774.11376953125 772.01513671875 772.49517822265625 768.9229736328125 765.9979248046875 766.03851318359375 773.07476806640625 784.98321533203125 797.29498291015625 804.7540283203125 808.54119873046875 807.234130859375 798.61956787109375 794.306884765625 801.80218505859375 809.92559814453125 813.65411376953125 813.4881591796875 807.6781005859375 799.3497314453125 793.33184814453125
740.65130615234375 740.38214111328125 742.77850341796875 747.07489013671875 749.46136474609375 750.38592529296875 750.3935546875 752.492431640625 759.79022216796875 768.21356201171875 776.15313720703125 778.8424072265625 774.3740234375 764.89361572265625 758.70086669921875 757.6510009765625 760.08172607421875 762.399658203125 771.99285888671875 778.49273681640625 780.89324951171875 778.595947265625 775.612548828125 772.80120849609375 772.4560546875 771.0184326171875 766.09271240234375 765.57965087890625 771.97137451171875 782.45062255859375 796.2171630859375 806.36993408203125 813.3089599609375 810.56170654296875 798.85791015625 787.7003173828125 789.1031494140625 796.97802734375 799.9404296875 799.8656005859375 794.68292236328125 786.36224365234375 782.2537841796875
744.9024658203125 743.5914306640625 746.8936767578125 751.968505859375 755.20660400390625 753.61767578125 752.291015625 752.51824951171875 755.8707275390625 762.55560302734375 774.36224365234375 783.7799072265625 784.0567626953125 776.40771484375 763.93792724609375 760.82867431640625 763.48822021484375 764.84747314453125 771.56329345703125 778.062744140625 778.6788330078125 776.88323974609375 775.1221923828125 774.3455810546875 774.4759521484375 774.000244140625 773.38201904296875 770.649658203125 772.7708740234375 782.186279296875 797.99041748046875 811.09912109375 817.18353271484375 810.88018798828125 797.51385498046875 782.1153564453125 780.70001220703125 783.869873046875 783.165771484375 781.88104248046875 777.2742919921875 773.18194580078125 775.606689453125
764.61187744140625 757.2235107421875 757.60516357421875 760.524169921875 758.4017333984375 758.584716796875 755.5179443359375 753.51995849609375 755.4273681640625 763.41552734375 778.32568359375 789.90887451171875 791.8427734375 783.19976806640625 770.4788818359375 765.21307373046875 766.2978515625 766.46148681640625 773.49188232421875 783.59698486328125 786.2181396484375 785.7947998046875 779.75616455078125 775.8231201171875 774.34722900390625 776.4749755859375 778.66949462890625 777.83148193359375 779.26025390625 784.918212890625 798.3660888671875 810.2576904296875 815.241455078125 806.03656005859375 790.8533935546875 780.74920654296875 775.054931640625 774.22454833984375 773.041015625 771.7088623046875 772.38812255859375 770.47894287109375 775.08966064453125
776.05169677734375 768.10430908203125 764.13568115234375 765.8560791015625 763.90911865234375 760.44549560546875 755.4842529296875 755.269775390625 760.79803466796875 774.52581787109375 790.21612548828125 799.3780517578125 801.11126708984375 791.0362548828125 779.59613037109375 771.91241455078125 771.67523193359375 771.97430419921875 778.99749755859375 788.66998291015625 796.40460205078125 796.28521728515625 785.72381591796875 780.15106201171875 780.44769287109375 782.6463623046875 784.16534423828125 784.32122802734375 784.74481201171875 787.02490234375 796.49249267578125 806.48931884765625 808.38519287109375 797.72418212890625 787.75372314453125 780.4324951171875 769.42913818359375 765.11138916015625 763.2486572265625 763.7825927734375 764.37347412109375 765.19384765625 770.8551025390625
778.6697998046875 771.318115234375 770.70513916015625 767.6680908203125 764.56549072265625 760.96917724609375 758.740966796875 759.50360107421875 764.40081787109375 776.29827880859375 794.358642578125 808.0419921875 809.54791259765625 798.5028076171875 788.9910888671875 787.7459716796875 786.4876708984375 792.290771484375 796.00469970703125 801.840576171875 805.4981689453125 807.51568603515625 799.46051025390625 790.1064453125 791.2032470703125 795.00799560546875 792.33306884765625 789.50872802734375 789.0953369140625 786.88897705078125 792.352294921875 796.61444091796875 797.96417236328125 796.7559814453125 792.495361328125 781.50433349609375 771.01104736328125 764.480224609375 760.82806396484375 760.39593505859375 759.72735595703125 759.34637451171875 761.72589111328125
786.5697021484375 780.9210205078125 778.7113037109375 771.5584716796875 767.13726806640625 767.809814453125 765.47589111328125 766.25738525390625 773.395263671875 789.988525390625 805.94256591796875 818.41558837890625 819.33251953125 811.06500244140625 801.50482177734375 795.17535400390625 797.34442138671875 804.37451171875 810.2144775390625 811.8370361328125 811.320068359375 812.4892578125 811.46160888671875 807.04541015625 806.25958251953125 806.0404052734375 805.048095703125 805.38427734375 801.85791015625 795.95074462890625 790.6483154296875 793.4671630859375 799.60784912109375 802.8875732421875 802.8665771484375 796.6068115234375 787.170166015625 774.0714111328125 767.0760498046875 760.23492431640625 757.82586669921875 756.0831298828125 756.26995849609375
791.3980712890625 788.50604248046875 787.15643310546875 783.4837646484375 773.5023193359375 773.00213623046875 771.947509765625 775.06866455078125 788.40509033203125 799.57952880859375 816.13311767578125 825.92022705078125 827.60333251953125 821.45062255859375 813.28900146484375 808.0836181640625 809.99700927734375 817.82305908203125 818.82257080078125 817.33544921875 822.23675537109375 823.63934326171875 822.82958984375 819.784912109375 819.85552978515625 820.1083984375 819.05279541015625 814.88812255859375 808.0557861328125 800.0284423828125 791.82867431640625 791.52313232421875 799.6751708984375 803.7681884765625 804.963134765625 804.21435546875 799.83624267578125 788.91436767578125 777.06689453125 766.5643310546875 760.5438232421875 752.1962890625 752.92950439453125
792.64593505859375 788.24609375 790.931640625 786.46435546875 780.93280029296875 780.25787353515625 782.599365234375 784.24578857421875 795.0760498046875 806.87109375 821.3232421875 833.15521240234375 837.3297119140625 832.74114990234375 822.56097412109375 817.568359375 821.2266845703125 827.2265625 830.045166015625 834.681884765625 840.0736083984375 840.73162841796875 839.79473876953125 841.5352783203125 841.44219970703125 835.24169921875 828.06182861328125 819.21563720703125 807.646240234375 797.2515869140625 788.37677001953125 786.31109619140625 791.43157958984375 798.66534423828125 802.56085205078125 801.82879638671875 800.34881591796875 793.778076171875 785.60906982421875 779.698486328125 771.605224609375 763.5577392578125 760.537841796875
797.5284423828125 791.43768310546875 789.58905029296875 785.1390380859375 781.41802978515625 783.26312255859375 784.85980224609375 790.6541748046875 798.78973388671875 809.889404296875 823.740966796875 834.9307861328125 841.20025634765625 836.27813720703125 824.06536865234375 818.5362548828125 827.5673828125 834.0848388671875 832.12445068359375 834.6912841796875 842.76806640625 850.59503173828125 856.532470703125 857.17193603515625 851.14215087890625 842.8873291015625 831.58465576171875 816.964111328125 807.25762939453125 798.61590576171875 787.57415771484375 782.206787109375 782.44549560546875 788.28717041015625 792.72479248046875 796.1566162109375 799.09527587890625 797.45172119140625 793.49664306640625 788.141845703125 778.12713623046875 770.80059814453125 765.02459716796875
804.58013916015625 796.742431640625 790.08599853515625 788.79931640625 788.83123779296875 791.24615478515625 793.0078125 799.1417236328125 807.32574462890625 815.6671142578125 823.7396240234375 833.56402587890625 837.82470703125 829.44512939453125 818.39520263671875 814.267822265625 822.4246826171875 827.091064453125 825.36004638671875 824.25506591796875 831.71380615234375 843.8292236328125 855.53955078125 857.75042724609375 849.66693115234375 838.8564453125 821.16998291015625 809.90081787109375 801.0423583984375 788.8798828125 781.31060791015625 778.703125 777.631591796875 777.75360107421875 782.17742919921875 788.4774169921875 796.4295654296875 800.37078857421875 800.83526611328125 797.94403076171875 790.6075439453125 779.9427490234375 773.91925048828125
815.77716064453125 805.56982421875 800.66229248046875 799.759765625 798.9920654296875 801.967041015625 804.234619140625 809.388671875 814.863525390625 816.78594970703125 819.35552978515625 826.42584228515625 827.25238037109375 820.45623779296875 813.6817626953125 807.47564697265625 811.18988037109375 814.5477294921875 813.5751953125 814.0916748046875 821.593994140625 833.85137939453125 848.7039794921875 851.16717529296875 840.97265625 829.8377685546875 813.30096435546875 800.172119140625 788.941650390625 781.03424072265625 777.144775390625 776.272216796875 773.48431396484375 771.24029541015625 773.36614990234375 780.484130859375 790.169189453125 799.108154296875 803.74566650390625 805.47674560546875 801.47528076171875 791.1505126953125 789.40069580078125
827.85150146484375 819.12939453125 813.7640380859375 811.078369140625 811.3565673828125 812.58502197265625 812.18994140625 812.97882080078125 812.97613525390625 809.2763671875 809.94781494140625 814.03759765625 814.6334228515625 811.27178955078125 805.9547119140625 802.3880615234375 803.9786376953125 803.8265380859375 802.22332763671875 806.34405517578125 818.6334228515625 834.086669921875 844.2896728515625 841.76336669921875 829.8360595703125 818.55767822265625 804.9791259765625 793.08984375 782.40753173828125 778.962646484375 772.134521484375 771.49871826171875 769.514892578125 766.96148681640625 768.4915771484375 775.69024658203125 784.88397216796875 793.06158447265625 799.65716552734375 804.39447021484375 801.02032470703125 795.73321533203125 801.7078857421875
832.78167724609375 829.80908203125 825.90264892578125 823.6158447265625 823.53662109375 819.70074462890625 816.21380615234375 812.1077880859375 808.124267578125 801.5849609375 800.01055908203125 801.71063232421875 802.44293212890625 800.0875244140625 798.02362060546875 794.6351318359375 792.7476806640625 792.51983642578125 791.09722900390625 799.06634521484375 816.18206787109375 831.21307373046875 838.316650390625 835.923095703125 824.51629638671875 810.2176513671875 795.6995849609375 783.791015625 780.021240234375 775.8028564453125 770.8424072265625 768.210693359375 763.2552490234375 762.75079345703125 763.86578369140625 768.1514892578125 774.5540771484375 784.54693603515625 792.25018310546875 794.6253662109375 791.67974853515625 791.36944580078125 798.74468994140625
826.0196533203125 824.43182373046875 823.288818359375 824.88555908203125 825.51971435546875 823.807861328125 818.2958984375 809.0849609375 803.22808837890625 793.114013671875 789.56951904296875 791.926513671875 792.45697021484375 790.36688232421875 788.13983154296875 787.99053955078125 787.0235595703125 784.57940673828125 783.48260498046875 792.6658935546875 809.80963134765625 822.92340087890625 828.84869384765625 826.962158203125 816.18951416015625 802.99981689453125 789.69744873046875 776.880615234375 773.29913330078125 770.21484375 766.865966796875 766.83282470703125 763.36962890625 759.450439453125 759.57073974609375 763.2174072265625 767.4122314453125 773.419677734375 777.78466796875 779.01904296875 779.120361328125 780.82305908203125 789.169677734375
