datasets/DS-13_Copernicus_GLO30_Kerala_Wayanad/sample_data/wayanad_dem.asc
ncols        360
nrows        360
xllcorner    75.999861100000
yllcorner    11.450138900000
cellsize     0.000277777778
NODATA_value -9999
[rows 0 to 19 of 360, columns 43 to 85 of 360]
839.48883056640625 833.978759765625 837.54998779296875 836.68060302734375 837.872314453125 844.1644287109375 846.77874755859375 838.8115234375 828.55267333984375 825.01934814453125 823.219482421875 817.9696044921875 811.35821533203125 809.36474609375 801.87298583984375 791.05462646484375 786.72283935546875 785.456787109375 782.57574462890625 780.31298828125 781.89520263671875 788.8389892578125 793.12847900390625 795.470703125 790.7357177734375 773.6016845703125 758.21954345703125 755.98968505859375 764.7161865234375 773.6591796875 779.51788330078125 783.940185546875 786.0897216796875 785.20855712890625 780.11187744140625 777.8798828125 777.70831298828125 771.4549560546875 756.8463134765625 745.59130859375 742.48468017578125 739.804443359375 739.63092041015625
850.477294921875 850.9100341796875 854.78497314453125 851.557861328125 847.8173828125 850.66204833984375 848.46844482421875 839.8936767578125 834.07244873046875 828.3336181640625 822.956787109375 820.14105224609375 813.70562744140625 808.70745849609375 794.63232421875 790.86236572265625 800.18701171875 805.7283935546875 806.1915283203125 800.22930908203125 796.853515625 796.51629638671875 794.10552978515625 794.91876220703125 785.1859130859375 767.38232421875 749.7388916015625 747.0224609375 753.2198486328125 760.4481201171875 767.14129638671875 771.011962890625 776.7830810546875 778.7803955078125 780.87896728515625 777.36083984375 775.89630126953125 771.82843017578125 767.26641845703125 755.75958251953125 744.2122802734375 739.23883056640625 741.32147216796875
863.5169677734375 865.72027587890625 863.63604736328125 859.76202392578125 858.24383544921875 855.28411865234375 846.480712890625 840.4090576171875 832.33770751953125 822.981689453125 820.29632568359375 816.79632568359375 810.68426513671875 802.83721923828125 798.9464111328125 809.1826171875 818.783447265625 825.33648681640625 824.54486083984375 816.5357666015625 812.91656494140625 808.755126953125 796.4644775390625 790.99041748046875 772.0504150390625 759.26763916015625 745.77740478515625 743.85986328125 744.316162109375 745.44976806640625 748.90081787109375 753.9676513671875 759.2513427734375 764.18359375 769.9224853515625 771.1795654296875 767.77392578125 760.51617431640625 751.877685546875 750.4564208984375 747.159912109375 741.3623046875 742.03460693359375
877.157958984375 875.37164306640625 869.3265380859375 862.0980224609375 861.05975341796875 859.29864501953125 852.59039306640625 846.7803955078125 834.2645263671875 823.68487548828125 821.6104736328125 815.122314453125 809.9893798828125 806.40765380859375 805.812744140625 818.4693603515625 824.891845703125 829.32196044921875 825.3182373046875 819.90606689453125 814.7977294921875 810.20013427734375 801.402099609375 792.4014892578125 777.029052734375 759.4127197265625 748.67822265625 743.3519287109375 742.87213134765625 742.41717529296875 744.65020751953125 747.64794921875 750.04083251953125 749.69677734375 749.09454345703125 745.97796630859375 743.861328125 744.58062744140625 744.2001953125 742.32891845703125 741.8602294921875 741.18463134765625 743.49853515625
886.2000732421875 884.31683349609375 878.10919189453125 871.48065185546875 866.87884521484375 862.26580810546875 857.03179931640625 854.40277099609375 843.16168212890625 842.548095703125 841.55987548828125 836.9716796875 824.55621337890625 819.32830810546875 816.90740966796875 823.79693603515625 826.26953125 830.54534912109375 827.1282958984375 816.09423828125 804.90380859375 795.3681640625 790.5145263671875 785.835205078125 777.922607421875 760.94317626953125 748.34619140625 743.722412109375 744.19293212890625 746.3140869140625 747.335205078125 745.1873779296875 746.06951904296875 744.81024169921875 741.3525390625 740.65557861328125 740.27423095703125 741.5869140625 742.07513427734375 741.242431640625 743.217041015625 742.99664306640625 743.84820556640625
890.39166259765625 890.73687744140625 889.416015625 883.69580078125 876.33056640625 865.7249755859375 857.8680419921875 852.24859619140625 852.95574951171875 853.87725830078125 849.29876708984375 842.8876953125 833.2010498046875 826.5054931640625 821.99151611328125 822.89111328125 824.8511962890625 827.91046142578125 826.72393798828125 817.3021240234375 797.3719482421875 782.54144287109375 777.2794189453125 774.36566162109375 772.0506591796875 764.63543701171875 755.88348388671875 753.6544189453125 750.222412109375 747.91357421875 749.1807861328125 745.54693603515625 744.628662109375 743.77667236328125 743.1549072265625 743.5440673828125 743.10247802734375 742.68133544921875 741.57464599609375 742.274658203125 743.6407470703125 742.83905029296875 742.88494873046875
898.15985107421875 895.32061767578125 896.0496826171875 889.5909423828125 883.53125 877.05157470703125 869.18304443359375 864.18035888671875 863.3677978515625 860.67327880859375 854.54296875 843.88116455078125 834.9359130859375 826.68817138671875 820.47650146484375 818.39569091796875 814.314208984375 817.04571533203125 819.9801025390625 814.59881591796875 800.09173583984375 785.4139404296875 775.37115478515625 765.43341064453125 763.107421875 759.050537109375 754.82061767578125 750.667724609375 746.6177978515625 743.9993896484375 744.72308349609375 745.49334716796875 744.82708740234375 744.86456298828125 744.51190185546875 745.21142578125 750.829345703125 760.2403564453125 764.4349365234375 767.61798095703125 765.38653564453125 758.269287109375 746.1409912109375
908.716796875 904.31793212890625 899.55389404296875 894.897216796875 891.8150634765625 889.2210693359375 884.79205322265625 879.62738037109375 874.93890380859375 866.6470947265625 858.2872314453125 841.19488525390625 829.77117919921875 817.50946044921875 806.46282958984375 805.0897216796875 801.46160888671875 804.86602783203125 809.237548828125 802.7430419921875 790.10980224609375 778.096435546875 772.6219482421875 766.12554931640625 757.5946044921875 751.621826171875 746.95098876953125 745.057373046875 743.76568603515625 744.32806396484375 745.22613525390625 747.70196533203125 747.67535400390625 747.3670654296875 744.398681640625 744.5169677734375 755.6854248046875 770.89312744140625 777.77142333984375 784.63995361328125 783.09722900390625 770.5035400390625 757.595703125
921.93603515625 910.78521728515625 903.3909912109375 898.2801513671875 892.17138671875 890.721923828125 885.9384765625 883.09954833984375 877.61181640625 867.1966552734375 854.00872802734375 839.862060546875 822.4248046875 809.0894775390625 795.28057861328125 790.89678955078125 791.75177001953125 792.57666015625 794.4991455078125 787.978515625 775.5103759765625 766.82794189453125 757.618896484375 748.81573486328125 745.63568115234375 748.196533203125 749.50946044921875 747.1539306640625 745.017822265625 745.464599609375 747.52001953125 749.91107177734375 750.08172607421875 745.826904296875 746.20208740234375 747.77728271484375 756.95892333984375 770.16339111328125 778.547119140625 786.8663330078125 788.99359130859375 783.2520751953125 774.37994384765625
929.16497802734375 916.430419921875 904.42193603515625 894.76556396484375 888.4661865234375 884.3291015625 880.23876953125 875.58673095703125 868.177978515625 863.37664794921875 848.3223876953125 836.28521728515625 821.77069091796875 812.47406005859375 803.5042724609375 789.18353271484375 781.704833984375 780.25103759765625 779.59771728515625 776.53460693359375 765.36474609375 758.054931640625 754.99310302734375 750.0194091796875 754.9501953125 760.392822265625 759.990966796875 755.5416259765625 751.72210693359375 749.77691650390625 749.58984375 754.00897216796875 759.13592529296875 757.8223876953125 757.02154541015625 758.9193115234375 762.65484619140625 773.71685791015625 777.10565185546875 785.18414306640625 789.20263671875 788.40130615234375 783.07257080078125
929.62835693359375 914.55194091796875 902.542236328125 895.18072509765625 889.06549072265625 879.515625 872.61260986328125 868.2073974609375 866.416259765625 863.41424560546875 854.48675537109375 838.9814453125 831.77752685546875 826.05352783203125 818.8916015625 807.95416259765625 792.94775390625 785.63519287109375 777.774658203125 773.935791015625 758.5523681640625 752.7808837890625 755.9970703125 762.18780517578125 770.34234619140625 776.07568359375 770.7825927734375 764.77923583984375 758.098876953125 760.8880615234375 765.0543212890625 766.1962890625 766.11474609375 764.21575927734375 762.73876953125 765.56597900390625 772.431396484375 781.53277587890625 784.50750732421875 786.1507568359375 788.00244140625 785.85040283203125 783.027587890625
924.71868896484375 910.048828125 899.6815185546875 893.30511474609375 888.166748046875 879.23724365234375 870.62945556640625 865.826416015625 864.633544921875 860.624755859375 855.67669677734375 851.7603759765625 841.81097412109375 835.50421142578125 827.0050048828125 818.35223388671875 804.54815673828125 795.0281982421875 779.39630126953125 771.36480712890625 758.65814208984375 752.856201171875 757.10333251953125 768.92950439453125 778.67626953125 783.55230712890625 775.47906494140625 775.252685546875 782.6109619140625 787.33587646484375 790.03143310546875 779.904052734375 765.6072998046875 764.47509765625 762.20611572265625 765.68865966796875 777.72979736328125 782.27691650390625 784.707275390625 790.7049560546875 793.21722412109375 790.6566162109375 787.1923828125
914.48443603515625 905.95294189453125 898.9766845703125 892.1328125 886.322509765625 878.847900390625 866.894287109375 856.84869384765625 851.60479736328125 850.07440185546875 847.575439453125 846.252685546875 841.57330322265625 832.53314208984375 826.97955322265625 809.2310791015625 800.4580078125 797.0582275390625 785.1141357421875 775.74603271484375 759.47003173828125 753.13934326171875 757.49554443359375 768.189453125 781.44183349609375 787.2490234375 784.0406494140625 789.3642578125 797.95806884765625 802.00616455078125 797.097900390625 788.00250244140625 773.57489013671875 764.94512939453125 760.38336181640625 764.1385498046875 772.3160400390625 778.064697265625 788.71527099609375 797.8826904296875 802.80303955078125 796.97149658203125 791
907.06304931640625 895.04608154296875 889.88104248046875 880.23638916015625 874.685546875 867.46148681640625 861.73095703125 849.1446533203125 839.813232421875 833.8133544921875 837.4788818359375 838.23870849609375 837.40509033203125 826.0595703125 810.4598388671875 798.90679931640625 795.7080078125 790.73834228515625 776.85345458984375 767.36724853515625 757.66497802734375 755.44036865234375 762.21710205078125 780.13958740234375 788.87213134765625 795.003662109375 792.38214111328125 795.13690185546875 800.52081298828125 800.98406982421875 794.54632568359375 782.85504150390625 775.39984130859375 768.2923583984375 762.30596923828125 761.890380859375 768.6356201171875 780.3729248046875 794.609130859375 806.49853515625 813.2518310546875 808.69427490234375 798.2406005859375
899.347412109375 890.887451171875 878.7652587890625 867.54498291015625 858.88800048828125 859.04840087890625 853.2215576171875 839.3345947265625 824.97088623046875 819.452880859375 823.12481689453125 824.40447998046875 818.18353271484375 809.4248046875 800.22039794921875 794.03802490234375 788.8321533203125 779.9483642578125 765.41943359375 760.92401123046875 757.6290283203125 761.06494140625 771.8428955078125 788.82904052734375 797.0362548828125 800.17376708984375 796.3056640625 800.6239013671875 804.39697265625 804.4342041015625 800.564208984375 783.86285400390625 780.79010009765625 773.32354736328125 764.336669921875 759.57427978515625 767.15557861328125 780.65594482421875 793.87109375 806.8399658203125 816.376953125 815.3116455078125 806.48101806640625
888.8828125 884.1630859375 875.42474365234375 864.233642578125 856.57275390625 849.38519287109375 839.89361572265625 822.3575439453125 817.2176513671875 813.508056640625 814.086669921875 811.2222900390625 806.93670654296875 794.6805419921875 784.3614501953125 781.59991455078125 773.5064697265625 765.43310546875 757.97796630859375 758.734619140625 765.29498291015625 774.86883544921875 789.71148681640625 803.137451171875 808.44683837890625 804.9473876953125 796.4166259765625 806.5067138671875 814.29534912109375 816.3255615234375 807.940673828125 790.8150634765625 788.86944580078125 784.52056884765625 782.134765625 776.09686279296875 772.4698486328125 777.60015869140625 786.841064453125 801.2989501953125 812.08099365234375 819.14990234375 815.8026123046875
879.053466796875 879.509765625 876.903564453125 873.09368896484375 860.90106201171875 838.93017578125 823.095458984375 814.072998046875 802.40325927734375 803.68353271484375 799.505126953125 799.5989990234375 795.17169189453125 781.809326171875 770.12078857421875 761.456787109375 763.28936767578125 767.36883544921875 766.88134765625 771.63116455078125 777.13763427734375 783.30780029296875 798.99017333984375 813.13726806640625 817.1011962890625 812.025634765625 803.23590087890625 804.30364990234375 814.46905517578125 821.05023193359375 819.003173828125 806.35113525390625 798.28717041015625 793.07855224609375 792.71575927734375 793.07806396484375 785.5458984375 781.05963134765625 783.86248779296875 796.6484375 808.782958984375 819.22064208984375 824.2718505859375
868.6063232421875 873.9471435546875 874.75225830078125 875.15997314453125 861.26251220703125 841.312255859375 818.244384765625 801.56756591796875 791.8863525390625 791.8221435546875 791.239501953125 792.8209228515625 784.1485595703125 774.13116455078125 765.20855712890625 759.98883056640625 765.0927734375 774.074462890625 780.6356201171875 787.1248779296875 793.44293212890625 800.61480712890625 810.273193359375 820.13134765625 824.63726806640625 817.3165283203125 808.6910400390625 808.1510009765625 813.57208251953125 820.38446044921875 823.19927978515625 817.41107177734375 806.41021728515625 800.1285400390625 795.27960205078125 795.14697265625 791.43682861328125 786.261474609375 785.995849609375 795.13525390625 804.79962158203125 816.11798095703125 826.26654052734375
856.8280029296875 858.38818359375 861.91632080078125 866.41644287109375 861.2125244140625 845.3746337890625 829.885986328125 810.2828369140625 797.85003662109375 792.2008056640625 787.3897705078125 782.81829833984375 776.700439453125 775.88153076171875 763.82818603515625 764.48028564453125 771.9959716796875 780.2515869140625 793.1639404296875 804.79595947265625 815.75091552734375 824.26708984375 828.3614501953125 833.4669189453125 837.59228515625 830.88165283203125 825.47210693359375 823.4691162109375 822.557373046875 825.53564453125 825.9722900390625 823.0142822265625 813.6917724609375 806.66339111328125 799.26544189453125 797.40008544921875 795.366943359375 794.7686767578125 799.62896728515625 806.0252685546875 812.88616943359375 819.47747802734375 826.38330078125
840.7801513671875 843.251220703125 849.61663818359375 854.83673095703125 855.709716796875 848.74853515625 837.96368408203125 822.24896240234375 804.32989501953125 793.95654296875 784.9351806640625 775.87158203125 777.14874267578125 779.68048095703125 772.34259033203125 775.11614990234375 786.04632568359375 797.0333251953125 813.46588134765625 826.33148193359375 838.06427001953125 845.6505126953125 850.8480224609375 853.6751708984375 850.06610107421875 842.5977783203125 839.8834228515625 838.42156982421875 832.5609130859375 831.871337890625 830.14520263671875 828.76220703125 822.56201171875 814.3985595703125 806.376708984375 802.652587890625 801.72491455078125 805.9031982421875 812.306884765625 815.7763671875 818.91400146484375 822.0565185546875 824.269287109375
